   -0.0500    -0.0167     0.0167     0.0500     0.0000     0.1200
   -0.0167     0.0167     0.0167     0.0500     0.0000     0.1200
    0.0167     0.0500     0.0167     0.0500     0.0000     0.1200
   -0.0500    -0.0167    -0.0167     0.0167     0.0000     0.1200
   -0.0167     0.0167    -0.0167     0.0167     0.0000     0.1200
    0.0167     0.0500    -0.0167     0.0167     0.0000     0.1200
   -0.0500    -0.0167    -0.0500    -0.0167     0.0000     0.1200
   -0.0167     0.0167    -0.0500    -0.0167     0.0000     0.1200
    0.0167     0.0500    -0.0500    -0.0167     0.0000     0.1200
   -0.0500    -0.0167     0.0167     0.0500     0.1200     0.2400
   -0.0167     0.0167     0.0167     0.0500     0.1200     0.2400
    0.0167     0.0500     0.0167     0.0500     0.1200     0.2400
   -0.0500    -0.0167    -0.0167     0.0167     0.1200     0.2400
   -0.0167     0.0167    -0.0167     0.0167     0.1200     0.2400
    0.0167     0.0500    -0.0167     0.0167     0.1200     0.2400
   -0.0500    -0.0167    -0.0500    -0.0167     0.1200     0.2400
   -0.0167     0.0167    -0.0500    -0.0167     0.1200     0.2400
    0.0167     0.0500    -0.0500    -0.0167     0.1200     0.2400
   -0.0500    -0.0167     0.0167     0.0500     0.2400     0.3600
   -0.0167     0.0167     0.0167     0.0500     0.2400     0.3600
    0.0167     0.0500     0.0167     0.0500     0.2400     0.3600
   -0.0500    -0.0167    -0.0167     0.0167     0.2400     0.3600
   -0.0167     0.0167    -0.0167     0.0167     0.2400     0.3600
    0.0167     0.0500    -0.0167     0.0167     0.2400     0.3600
   -0.0500    -0.0167    -0.0500    -0.0167     0.2400     0.3600
   -0.0167     0.0167    -0.0500    -0.0167     0.2400     0.3600
    0.0167     0.0500    -0.0500    -0.0167     0.2400     0.3600
   -0.0500    -0.0167     0.0167     0.0500     0.3600     0.4800
   -0.0167     0.0167     0.0167     0.0500     0.3600     0.4800
    0.0167     0.0500     0.0167     0.0500     0.3600     0.4800
   -0.0500    -0.0167    -0.0167     0.0167     0.3600     0.4800
   -0.0167     0.0167    -0.0167     0.0167     0.3600     0.4800
    0.0167     0.0500    -0.0167     0.0167     0.3600     0.4800
   -0.0500    -0.0167    -0.0500    -0.0167     0.3600     0.4800
   -0.0167     0.0167    -0.0500    -0.0167     0.3600     0.4800
    0.0167     0.0500    -0.0500    -0.0167     0.3600     0.4800
   -0.0500    -0.0167     0.0167     0.0500     0.4800     0.6000
   -0.0167     0.0167     0.0167     0.0500     0.4800     0.6000
    0.0167     0.0500     0.0167     0.0500     0.4800     0.6000
   -0.0500    -0.0167    -0.0167     0.0167     0.4800     0.6000
   -0.0167     0.0167    -0.0167     0.0167     0.4800     0.6000
    0.0167     0.0500    -0.0167     0.0167     0.4800     0.6000
   -0.0500    -0.0167    -0.0500    -0.0167     0.4800     0.6000
   -0.0167     0.0167    -0.0500    -0.0167     0.4800     0.6000
    0.0167     0.0500    -0.0500    -0.0167     0.4800     0.6000
   -0.0500    -0.0167     0.0167     0.0500     0.6000     0.7200
   -0.0167     0.0167     0.0167     0.0500     0.6000     0.7200
    0.0167     0.0500     0.0167     0.0500     0.6000     0.7200
   -0.0500    -0.0167    -0.0167     0.0167     0.6000     0.7200
   -0.0167     0.0167    -0.0167     0.0167     0.6000     0.7200
    0.0167     0.0500    -0.0167     0.0167     0.6000     0.7200
   -0.0500    -0.0167    -0.0500    -0.0167     0.6000     0.7200
   -0.0167     0.0167    -0.0500    -0.0167     0.6000     0.7200
    0.0167     0.0500    -0.0500    -0.0167     0.6000     0.7200
