 EIGENVALUE            1

 PLANE Z=           1

    2.5228    5.0455    2.5228
    5.0455   10.0910    5.0455
    2.5228    5.0455    2.5228

 PLANE Z=           2

    6.8923   13.7846    6.8923
   13.7846   27.5692   13.7846
    6.8923   13.7846    6.8923

 PLANE Z=           3

    9.4150   18.8301    9.4150
   18.8301   37.6602   18.8301
    9.4150   18.8301    9.4151

 PLANE Z=           4

    9.4150   18.8301    9.4150
   18.8301   37.6602   18.8301
    9.4150   18.8301    9.4150

 PLANE Z=           5

    6.8923   13.7846    6.8923
   13.7846   27.5692   13.7846
    6.8923   13.7846    6.8923

 PLANE Z=           6

    2.5228    5.0455    2.5228
    5.0455   10.0910    5.0455
    2.5228    5.0455    2.5228


 EIGENVALUE            2

 PLANE Z=           1

    4.7319    9.4638    4.7319
    9.4638   18.9275    9.4638
    4.7319    9.4638    4.7319

 PLANE Z=           2

    9.4638   18.9275    9.4638
   18.9275   37.8551   18.9275
    9.4638   18.9275    9.4638

 PLANE Z=           3

    4.7319    9.4638    4.7319
    9.4638   18.9275    9.4638
    4.7319    9.4638    4.7319

 PLANE Z=           4

   -4.7319   -9.4638   -4.7319
   -9.4638  -18.9275   -9.4638
   -4.7319   -9.4638   -4.7319

 PLANE Z=           5

   -9.4638  -18.9275   -9.4638
  -18.9275  -37.8551  -18.9275
   -9.4638  -18.9275   -9.4638

 PLANE Z=           6

   -4.7319   -9.4638   -4.7319
   -9.4638  -18.9275   -9.4638
   -4.7319   -9.4638   -4.7319


 EIGENVALUE            3

 PLANE Z=           1

    6.3632   12.7263    6.3632
   12.7263   25.4527   12.7263
    6.3632   12.7263    6.3632

 PLANE Z=           2

    6.3632   12.7263    6.3632
   12.7263   25.4527   12.7263
    6.3632   12.7263    6.3632

 PLANE Z=           3

   -6.3632  -12.7263   -6.3632
  -12.7263  -25.4527  -12.7263
   -6.3632  -12.7263   -6.3632

 PLANE Z=           4

   -6.3632  -12.7263   -6.3632
  -12.7263  -25.4527  -12.7263
   -6.3632  -12.7263   -6.3632

 PLANE Z=           5

    6.3632   12.7263    6.3632
   12.7263   25.4527   12.7263
    6.3632   12.7263    6.3632

 PLANE Z=           6

    6.3632   12.7263    6.3632
   12.7263   25.4527   12.7263
    6.3632   12.7263    6.3632


 EIGENVALUE            4

 PLANE Z=           1

   -5.1334   -0.0000    5.1334
  -10.2669   -0.0000   10.2669
   -5.1334   -0.0000    5.1334

 PLANE Z=           2

  -14.0248   -0.0000   14.0248
  -28.0496   -0.0000   28.0496
  -14.0248   -0.0000   14.0248

 PLANE Z=           3

  -19.1582   -0.0000   19.1582
  -38.3164    0.0000   38.3164
  -19.1582   -0.0000   19.1582

 PLANE Z=           4

  -19.1582   -0.0000   19.1582
  -38.3164    0.0000   38.3164
  -19.1582   -0.0000   19.1582

 PLANE Z=           5

  -14.0248   -0.0000   14.0248
  -28.0496   -0.0000   28.0496
  -14.0248   -0.0000   14.0248

 PLANE Z=           6

   -5.1334   -0.0000    5.1334
  -10.2669   -0.0000   10.2669
   -5.1334   -0.0000    5.1334


 EIGENVALUE            5

 PLANE Z=           1

   -9.6269   -0.0000    9.6269
  -19.2538   -0.0000   19.2538
   -9.6269   -0.0000    9.6269

 PLANE Z=           2

  -19.2538   -0.0000   19.2538
  -38.5075   -0.0000   38.5075
  -19.2538   -0.0000   19.2538

 PLANE Z=           3

   -9.6269    0.0000    9.6269
  -19.2538    0.0000   19.2538
   -9.6269    0.0000    9.6269

 PLANE Z=           4

    9.6269   -0.0000   -9.6269
   19.2538   -0.0000  -19.2538
    9.6269   -0.0000   -9.6269

 PLANE Z=           5

   19.2538   -0.0000  -19.2538
   38.5075   -0.0000  -38.5075
   19.2538   -0.0000  -19.2538

 PLANE Z=           6

    9.6269   -0.0000   -9.6269
   19.2538   -0.0000  -19.2538
    9.6269   -0.0000   -9.6269


