 EIGENVALUE            1

 PLANE Z=           1

    1.8424    3.6848    1.8424
    3.6848    7.3696    3.6848
    1.8424    3.6848    1.8424

 PLANE Z=           2

    5.0335   10.0671    5.0335
   10.0671   20.1342   10.0671
    5.0335   10.0671    5.0335

 PLANE Z=           3

    6.8759   13.7519    6.8759
   13.7519   27.5038   13.7519
    6.8759   13.7519    6.8759

 PLANE Z=           4

    6.8759   13.7519    6.8759
   13.7519   27.5038   13.7519
    6.8759   13.7519    6.8759

 PLANE Z=           5

    5.0335   10.0671    5.0335
   10.0671   20.1342   10.0671
    5.0335   10.0671    5.0335

 PLANE Z=           6

    1.8424    3.6848    1.8424
    3.6848    7.3696    3.6848
    1.8424    3.6848    1.8424


 EIGENVALUE            2

 PLANE Z=           1

    3.4357    6.8715    3.4357
    6.8715   13.7430    6.8715
    3.4357    6.8715    3.4357

 PLANE Z=           2

    6.8715   13.7430    6.8715
   13.7430   27.4859   13.7430
    6.8715   13.7430    6.8715

 PLANE Z=           3

    3.4357    6.8715    3.4357
    6.8715   13.7430    6.8715
    3.4357    6.8715    3.4357

 PLANE Z=           4

   -3.4357   -6.8715   -3.4357
   -6.8715  -13.7430   -6.8715
   -3.4357   -6.8715   -3.4357

 PLANE Z=           5

   -6.8715  -13.7430   -6.8715
  -13.7430  -27.4859  -13.7430
   -6.8715  -13.7430   -6.8715

 PLANE Z=           6

   -3.4357   -6.8715   -3.4357
   -6.8715  -13.7430   -6.8715
   -3.4357   -6.8715   -3.4357


 EIGENVALUE            3

 PLANE Z=           1

    4.5760    9.1521    4.5760
    9.1521   18.3041    9.1521
    4.5760    9.1521    4.5760

 PLANE Z=           2

    4.5760    9.1521    4.5760
    9.1521   18.3041    9.1521
    4.5760    9.1521    4.5760

 PLANE Z=           3

   -4.5760   -9.1521   -4.5760
   -9.1521  -18.3041   -9.1521
   -4.5760   -9.1521   -4.5760

 PLANE Z=           4

   -4.5760   -9.1521   -4.5760
   -9.1521  -18.3041   -9.1521
   -4.5760   -9.1521   -4.5760

 PLANE Z=           5

    4.5760    9.1521    4.5760
    9.1521   18.3041    9.1521
    4.5760    9.1521    4.5760

 PLANE Z=           6

    4.5760    9.1521    4.5760
    9.1521   18.3041    9.1521
    4.5760    9.1521    4.5760


 EIGENVALUE            4

 PLANE Z=           1

   -3.6767   -0.0000    3.6767
   -7.3535   -0.0000    7.3535
   -3.6767   -0.0000    3.6767

 PLANE Z=           2

  -10.0451   -0.0000   10.0451
  -20.0901   -0.0000   20.0901
  -10.0451   -0.0000   10.0451

 PLANE Z=           3

  -13.7218   -0.0000   13.7218
  -27.4436    0.0000   27.4436
  -13.7218   -0.0000   13.7218

 PLANE Z=           4

  -13.7218   -0.0000   13.7218
  -27.4436    0.0000   27.4436
  -13.7218   -0.0000   13.7218

 PLANE Z=           5

  -10.0451   -0.0000   10.0451
  -20.0901   -0.0000   20.0901
  -10.0451   -0.0000   10.0451

 PLANE Z=           6

   -3.6767   -0.0000    3.6767
   -7.3535   -0.0000    7.3535
   -3.6767   -0.0000    3.6767


 EIGENVALUE            5

 PLANE Z=           1

   -6.8565   -0.0000    6.8565
  -13.7130   -0.0000   13.7130
   -6.8565   -0.0000    6.8565

 PLANE Z=           2

  -13.7130   -0.0000   13.7130
  -27.4261   -0.0000   27.4261
  -13.7130   -0.0000   13.7130

 PLANE Z=           3

   -6.8565    0.0000    6.8565
  -13.7130   -0.0000   13.7130
   -6.8565    0.0000    6.8565

 PLANE Z=           4

    6.8565   -0.0000   -6.8565
   13.7130   -0.0000  -13.7130
    6.8565   -0.0000   -6.8565

 PLANE Z=           5

   13.7130   -0.0000  -13.7130
   27.4261   -0.0000  -27.4261
   13.7130   -0.0000  -13.7130

 PLANE Z=           6

    6.8565   -0.0000   -6.8565
   13.7130   -0.0000  -13.7130
    6.8565   -0.0000   -6.8565


