 EIGENVALUE            1

 PLANE Z=           1

    0.2261    0.4522    0.2261
    0.4522    0.9043    0.4522
    0.2261    0.4522    0.2261

 PLANE Z=           2

    0.6177    1.2353    0.6177
    1.2353    2.4707    1.2353
    0.6177    1.2353    0.6177

 PLANE Z=           3

    0.8437    1.6875    0.8438
    1.6875    3.3750    1.6875
    0.8437    1.6875    0.8438

 PLANE Z=           4

    0.8438    1.6875    0.8438
    1.6875    3.3750    1.6875
    0.8438    1.6875    0.8438

 PLANE Z=           5

    0.6177    1.2353    0.6177
    1.2353    2.4707    1.2353
    0.6177    1.2353    0.6177

 PLANE Z=           6

    0.2261    0.4522    0.2261
    0.4522    0.9043    0.4522
    0.2261    0.4522    0.2261


 EIGENVALUE            2

 PLANE Z=           1

    0.4219    0.8437    0.4219
    0.8437    1.6875    0.8437
    0.4219    0.8437    0.4219

 PLANE Z=           2

    0.8437    1.6875    0.8438
    1.6875    3.3750    1.6875
    0.8438    1.6875    0.8438

 PLANE Z=           3

    0.4219    0.8438    0.4219
    0.8438    1.6875    0.8438
    0.4219    0.8438    0.4219

 PLANE Z=           4

   -0.4219   -0.8438   -0.4219
   -0.8438   -1.6875   -0.8438
   -0.4219   -0.8438   -0.4219

 PLANE Z=           5

   -0.8437   -1.6875   -0.8437
   -1.6875   -3.3750   -1.6875
   -0.8437   -1.6875   -0.8437

 PLANE Z=           6

   -0.4219   -0.8437   -0.4219
   -0.8437   -1.6875   -0.8437
   -0.4219   -0.8437   -0.4219


 EIGENVALUE            3

 PLANE Z=           1

    0.5625    1.1250    0.5625
    1.1250    2.2500    1.1250
    0.5625    1.1250    0.5625

 PLANE Z=           2

    0.5625    1.1250    0.5625
    1.1250    2.2500    1.1250
    0.5625    1.1250    0.5625

 PLANE Z=           3

   -0.5625   -1.1250   -0.5625
   -1.1250   -2.2500   -1.1250
   -0.5625   -1.1250   -0.5625

 PLANE Z=           4

   -0.5625   -1.1250   -0.5625
   -1.1250   -2.2500   -1.1250
   -0.5625   -1.1250   -0.5625

 PLANE Z=           5

    0.5625    1.1250    0.5625
    1.1250    2.2500    1.1250
    0.5625    1.1250    0.5625

 PLANE Z=           6

    0.5625    1.1250    0.5625
    1.1250    2.2500    1.1250
    0.5625    1.1250    0.5625


 EIGENVALUE            4

 PLANE Z=           1

   -0.4522   -0.0000    0.4522
   -0.9043   -0.0000    0.9043
   -0.4522   -0.0000    0.4522

 PLANE Z=           2

   -1.2353   -0.0000    1.2353
   -2.4707   -0.0000    2.4707
   -1.2353   -0.0000    1.2353

 PLANE Z=           3

   -1.6875   -0.0000    1.6875
   -3.3750    0.0000    3.3750
   -1.6875   -0.0000    1.6875

 PLANE Z=           4

   -1.6875   -0.0000    1.6875
   -3.3750    0.0000    3.3750
   -1.6875   -0.0000    1.6875

 PLANE Z=           5

   -1.2353   -0.0000    1.2353
   -2.4707   -0.0000    2.4707
   -1.2353   -0.0000    1.2353

 PLANE Z=           6

   -0.4522   -0.0000    0.4522
   -0.9043   -0.0000    0.9043
   -0.4522   -0.0000    0.4522


 EIGENVALUE            5

 PLANE Z=           1

   -0.8438   -0.0000    0.8437
   -1.6875   -0.0000    1.6875
   -0.8438   -0.0000    0.8437

 PLANE Z=           2

   -1.6875   -0.0000    1.6875
   -3.3750   -0.0000    3.3750
   -1.6875   -0.0000    1.6875

 PLANE Z=           3

   -0.8438    0.0000    0.8437
   -1.6875   -0.0000    1.6875
   -0.8438    0.0000    0.8437

 PLANE Z=           4

    0.8437   -0.0000   -0.8438
    1.6875   -0.0000   -1.6875
    0.8437   -0.0000   -0.8438

 PLANE Z=           5

    1.6875   -0.0000   -1.6875
    3.3750   -0.0000   -3.3750
    1.6875   -0.0000   -1.6875

 PLANE Z=           6

    0.8437   -0.0000   -0.8437
    1.6875   -0.0000   -1.6875
    0.8437   -0.0000   -0.8437


